1111110100
1111111100
1110100101
0000001010
1111011101
1110001110
0000010111
1111110000
1100010011
1011100100
0000011001
1000000011
1110111111
0101111101
0100001001
1101111101
1111101100
1111011111
1110000010
1101111111
1110000000
0000101010
1111110100
0000011110
1110011001
0001100010
0001101101
1111101011
0111011111
1110110011
0010100111
0010001110
0101101100
0000101001
1111000111
0011110100
1010000100
1111000101
0000010000
0010110011
1000001010
1011101100
0000110010
1111110100
0011010101
0111100001
0000001101
1110000111
0100001000
0011110000
1111101110
0001000110
0000110011
0011000001
0000010110
0001111001
1011100111
1110010010
0011111000
1111110000
0000111010
1001101111
1111111010
0001110001
0011110001
0111110011
1111000010
0000101111
1101100001
0000111111
0000011001
0001111110
1111010010
1100011011
1111111100
0011111011
0001111000
1111100010
1111111110
0001000100
1111000100
1111011101
0000000011
0000001110
1111101101
0000110110
1111111010
0000110001
0011001110
1011101100
1111111001
0001111100
1011111100
0111110110
1110000111
1110110110
1011110101
0000001000
1111110110
1111110101
1111110100
0000001001
0000001110
0000111001
0001111011
0110001011
0000010100
1011111101
0000111001
0011111101
1100100101
1111100000
0000011110
0000101110
1111110101
1110111101
1111100111
0000101101
0000100110
1111100100
1111100011
0001110001
0011110010
1000001011
1111100111
1111111001
1010111001
0010010000
0000001100
0000111101
0000011010
1111011100
0000001000
0000000100
1111111000
1111110000
1111101101
0000101011
0011001000
1101011010
1111111011
0000110100
0011111001
0000000011
1111010011
0000000010
0001111110
0000110011
1000011110
1011011101
1011011011
1111001011
1110000100
1100011010
0000011101
0000111111
1111011011
1110010010
1110010111
1111111000
0000000001
0001010111
1011111100
0111111100
0000000001
0000100101
0111111011
1101100010
1110001111
0101000011
1111100100
1111010111
0000000101
1111100111
1111101011
0110110110
1111001011
1111111000
0000111101
0001101111
1111010110
1011111101
0100100100
0101100111
1111011100
1111111011
0011011111
0000110110
0100001111
0001011110
0000001001
1100100001
1111100011
1000111110
0000001011
0000001100
1110011011
0001110001
0011101101
1111110110
1100001001
0000000101
1111110010
1110100101
0011101001
1111110000
1100000101
1110011011
0000000100
1110010011
1111100011
0000101100
0000010100
1111110000
1110100010
1111111000
0000000110
0011110101
0000010100
1111111011
0000101111
0011001000
0000001010
0111101010
1111111100
0000100001
1110001110
1110010110
0000011010
0100000001
0000000001
0011001010
1110111011
1000101101
0000000100
0011110011
0010010000
1111100010
0000111010
1100001101
1000000111
1111101100
1011110100
1111110001
1011010000
1111111110
1111111111
1011100100
0001100100
1000001010
1111000111
1100000011
1101101000
0000101101
1111110011
1111111011
0000011001
0000101100
1111001011
0000001101
1101010101
0000010001
0010001101
1010101001
1111101011
1110000101
0000110011
1111110110
1111110111
0000001011
1100010010
0010110101
0011001100
1111011000
0000010011
0000111110
0000110001
0000101111
1110000010
0000010100
1100111100
0000111101
1011010100
0011111110
1110000011
1000001100
1111011011
1111000100
0000011000
1111111100
1111110001
1111001101
0000011100
0000011000
1100101111
0011110001
1111001111
1111101010
1110111101
0010011100
0000100011
1111100110
1111111011
1110011110
0010000001
1100000010
1111100111
1110111100
1111101001
0000000101
0110000110
1110011101
1110111110
0000011101
1111101000
0000100011
0000000001
0000110000
1111001011
0000001101
1111100000
0000111001
0001110011
1101001000
0110100011
1111110101
1111101011
0000111111
1101001100
0111100010
1100000010
1111100000
0000011111
0101011001
1010010001
1111110001
0001001011
1111001110
1110001111
0001111110
1110000100
1111011000
1101110100
1111101011
0000000110
1000011011
0011001010
1111111101
1011001100
1000100110
1110011111
1111110011
0000001000
1101101100
1001101101
1111111001
0010011000
1111011111
0000001001
0001001100
1111110000
0001111101
0001011010
1111111110
0000001101
0000000001
1111101001
0000011101
0000011011
1111101100
0000001100
1000001100
0100010111
0000001010
1000000011
0111110111
1111000001
0001110100
0000001011
1001111011
1111110010
0000000111
0000011101
1110111011
1111110000
0000000111
1111011000
0001101101
1111110000
1111111010
1111100101
0110101110
0100001111
0101111101
0010011101
1010000011
1111111011
0000011010
0001101000
0000011000
1100010001
0010010100
0000000101
0011111001
0000011101
1111111111
1101110000
1111101010
1111110011
0100010001
1111111000
0000100101
1000111011
1010101101
1110111001
1100011011
1000000011
1111101011
0011101101
0000010111
1100000100
1101011111
0000011101
1110001101
0100001100
0000010101
0001101001
0111110010
1100110010
0101110110
1110101010
1111001011
0000000111
0000011011
1000001011
0000000111
1111110001
1111101000
0011011101
1111111000
1111101101
1111101101
0110110001
1111011010
0110111001
0000000100
0000001101
1111001110
1111011010
1110010101
0111010100
1111110001
1111001001
0100100011
1000011110
1111100101
0000000111
0000001011
0000100110
1001001011
0011100100
1111110110
0010101111
0000001000
1111000111
0000101011
0100001001
1111010000
1111000110
0100000101
0000111111
1111100110
0110111100
1111100010
0100000000
0000110011
1110101000
0000100111
1001011011
0001111100
0000001010
0001100110
0001111000
1011100111
0000000001
1111011111
1111111011
1111000101
1000110001
0000011100
0001010111
0000001110
1111101100
1111110101
1011000101
1111001010
0000111111
0111111100
0000011110
1110101101
0000010111
1000101000
0000010100
0010011001
1111101011
1111100111
1111100101
1111100000
1111100000
0100100010
0111000100
0010001001
1111000100
1111010100
1111110010
0001110011
1111010110
0010001100
1100100101
1111110000
0000011001
0000011011
0000000001
0000010001
0001110010
1000111000
1110000000
1111111011
0000010000
1110101010
0100000000
1111000110
1111011101
1111110110
0001110100
0001010110
0001000001
1111110100
1111111111
1111001011
1110110010
1100011110
0000010011
0000001110
1111000001
1110000000
0100110111
0000011101
0011000110
1110011111
0000000100
0000111011
0001001011
0001101101
1100101100
0000010111
0000000110
1011001011
0001110011
1111111001
1100010001
1111110100
1111101001
0000001101
1100110011
0100011100
0000000011
1110100101
1000011100
1000100111
0001000001
0011001000
1111011000
1111110111
0010011011
0000001110
0001101110
1111111110
1110000110
1111011100
0000011110
1100010110
1111110001
0000010100
1110110000
1101111100
1111100111
0000001100
0000011101
1111011001
1101101010
0000000100
1000000000
0000100011
1111110001
0000011010
1110001010
0000001011
1000000100
0000110001
1101100110
1110110011
0011011001
1101101010
1100000000
0001001111
0011000111
1101100001
1111100111
0011100100
0000010010
1111110000
1110001010
0111110111
1000000001
1111001110
1111111000
0001001000
1111110111
1111100111
0000011000
0010101010
1110010110
1011110000
1011010101
1100110000
0011110001
1111100010
1111111011
0110111110
0111110000
0001000110
1111010010
1011011100
1101101111
1111101010
0000001110
1111100000
1111011010
1110011110
1110010100
1110001110
1100101000
1101111000
0111110111
0001100000
1100010101
1111110111
0001010011
1100100110
1101110010
1001011101
0000000100
0010000111
1111101011
1111000110
0000101010
0001101011
1110111010
0100011111
0001110011
1111100101
1001011010
1100010101
0111101101
0000010100
0000100101
1111111000
1111111101
0010101010
1111100000
1110010100
0001011111
1111110010
0000100110
0000010111
1110000101
1011101111
1000100111
0010100100
0000110100
1110100001
0111101000
0000000001
1000111111
0000000011
0000010001
0000110101
1111101011
1111110110
1111111100
0000101101
0010000000
0000100011
1100101101
0011011110
0000001010
1111101110
0000001100
0001000100
1111111101
1111100101
0000011111
1111001100
0000000011
0000011000
1001011001
1111000001
1111110111
0100001010
0100011111
0000001010
1111100100
1101110111
0000001010
1011110100
0100010110
0000010001
1000111101
1000001100
0000010010
1111000100
0000111011
0100000101
0001000100
1111011000
0010011010
1111101100
0001110100
1111110000
0100011111
0011100111
1111111011
1111110100
0000001100
0001111001
0000011101
0001011110
0100011010
1111111000
1110011111
1101101101
0000100001
0000000111
1101111010
1111110100
0000000101
1110001101
0000000000
1100010110
0000011011
1100001110
0110101101
0011111100
1100011001
1000000111
0000000011
1011110011
0000001011
1110010110
0000001000
0000101011
0000001001
0000011101
0000111001
1111110100
1111111101
1110000001
0000000011
0000000101
1111011110
1110101111
1011001101
1111111001
1000111110
0000010101
1111000010
0100111100
1111110101
0100000101
0001001011
0111110100
1001001100
0000011100
1101110001
0000000000
0000011001
1111010001
0000110110
1100110110
1110000001
0010000110
0101010111
1111001111
0000000101
1110000001
1111111110
1100001110
0011110011
1111111100
0000100001
1110110101
1111111000
0101110111
1111100001
0000011000
0000000111
0000000011
0000010100
1010011001
0111110000
1111001100
1100000000
0000001000
1111110001
0000000111
1111000111
1110100010
0111101111
1111000101
1000001010
1000111110
0000110110
1111111000
0010000111
0010010111
1111000010
1111111111
0011000010
1100001110
1111111010
0000011101
0001111000
1100001000
0000001010
1011110000
1111111111
1011011001
1110001000
1111111001
1000000010
0100000001
0010000100
0001000000
0000010000
1110001111
0000110001
0000110100
0000010001
0000001010
0001011001
0011111101
1111110110
0000101111
0000001101
0100000001
1111100000
0000111000
0010010001
1001001000
1110000011
1110111111
0000010110
0011110011
0000000011
0101101011
0000010010
0011111010
0000000110
0110001111
0000000011
1100110110
1100011010
0000010010
1110011110
0010101111
1110111110
0111011011
0000011101
0000001110
0001111110
1110111011
0011101010
1111110000
0000001011
1111110111
0011100111
0001111111
0001110100
1111100010
0000001001
1111100100
0001101000
1000111110
1100110000
0000010001
1111001011
1111110101
1110100000
0011110001
0000001111
0000001011
0001000000
0000000111
0000111010
1111100111
1111001001
0001011000
1111011110
1111110011
0000100100
1111111101
0000000011
0000000001
0000000000
0010111111
0111011010
1101001011
1111001011
0011111111
0110110001
0000000001
0000010010
1001111000
1111111000
0000000111
0000011111
1111111001
1101011011
0111011101
1110111100
0011111001
0111101110
0000011110
0001010100
0001110100
1110100000
1110001111
1010110001
0000000000
0011110111
1100111111
0001000000
0111010101
0000000001
0100101011
1111001011
0000001001
1111100110
1111101000
1000011010
0101000000
0001000000
1110110011
0000111011
1001001010
0000000101
1111111101
1011110101
0101100000
0010011111
0001100100
0011111111
0000111001
1000001000
0000011011
1000010011
0011000000
1011001001
1111100110
0010001010
1101111010
1110001100
1000000011
1110111001
1110101101
1111110111
0000001001
1111111010
0000110111
0000100101
1101110001
0000011100
0100111010
1110101111
0101010011
0000000111
0110011110
1001011100
1110001111
1011110011
1111011110
1010100011
1110000100
0011100111
0000011010
0000000000
0000010110
0010010001
0000000000
0001110101
0100001010
1110001010
0001100101
1101101111
1000001011
1111111000
1111110100
0000111011
1111111101
0011100001
0010001010
0000011000
1111000110
0000100010
0001000110
0010100001
1011110000
1111100011
0011000001
0011011110
1110100010
0000001000
1111000011
